24498.9419289468
24613.9680797695
24613.9680797695
24583.3855209399
24032.1768154883
24032.1768154883
23192.3443929161
20794.6108113857
20794.6108113857
20794.6108113857
20794.6108113857
20794.6108113857
19249.2511165855
19249.2511165855
19249.2511165855
19249.2511165855
19249.2511165855
19249.2511165855
19249.2511165855
19249.2511165855
19249.2511165855
19249.2511165855
19249.2511165855
18589.6862614736
18589.6862614736
18589.6862614736
18589.6862614736
18589.6862614736
18589.6862614736
18589.6862614736
18271.9482831814
17914.5836079425
17914.5836079425
17914.5836079425
17914.5836079425
17847.0826650344
17403.1491505202
17403.1491505202
17403.1491505202
17403.1491505202
17403.1491505202
17378.4111794409
17378.4111794409
17378.4111794409
17378.4111794409
17378.4111794409
17378.4111794409
17192.1065634535
17192.1065634535
17192.1065634535
17192.1065634535
17192.1065634535
17192.1065634535
17192.1065634535
17192.1065634535
17192.1065634535
17192.1065634535
17192.1065634535
17192.1065634535
17192.1065634535
17192.1065634535
17192.1065634535
17192.1065634535
17192.1065634535
17105.5337460752
17105.5337460752
17105.5337460752
17105.5337460752
16035.7994173170
16035.7994173170
16035.7994173170
16035.7994173170
16035.7994173170
16035.7994173170
16035.7994173170
16035.7994173170
16035.7994173170
16035.7994173170
16035.7994173170
16035.7994173170
15799.2731319418
15799.2731319418
15799.2731319418
15799.2731319418
15171.2486594128
15171.2486594128
15171.2486594128
15171.2486594128
14648.5534689261
14648.5534689261
14648.5534689261
14648.5534689261
14512.3475363800
14512.3475363800
14512.3475363800
14500.3767441683
13769.3414728088
13769.3414728088
13769.3414728088
13769.3414728088
13769.3414728088
13769.3414728088
13769.3414728088
13769.3414728088
13769.3414728088
13769.3414728088
13769.3414728088
13769.3414728088
13769.3414728088
13769.3414728088
13695.6690077340
13422.5959661282
13422.5959661282
13422.5959661282
13422.5959661282
13422.5959661282
13422.5959661282
13139.4987837655
13139.4987837655
13139.4987837655
13031.5093811361
12918.8570363792
12918.8570363792
12918.8570363792
12918.8570363792
12918.8570363792
12918.8570363792
12842.2266878454
12842.2266878454
12842.2266878454
12654.8769788165
12654.8769788165
12651.8357466411
12020.8334094277
12020.8334094277
12020.8334094277
12020.8334094277
12020.8334094277
12020.8334094277
12020.8334094277
12020.8334094277
11864.9658605278
11864.9658605278
11864.9658605278
11864.9658605278
11864.9658605278
11864.9658605278
11864.9658605278
11589.7573498477
11589.7573498477
11589.7573498477
11490.0402151450
11490.0402151450
11490.0402151450
11490.0402151450
11371.6100568969
11203.6819221620
11203.6819221620
11203.6819221620
11203.6819221620
11189.1733635068
10701.3113661642
10701.3113661642
10701.3113661642
10701.3113661642
10701.3113661642
10701.3113661642
10701.3113661642
10658.6946488362
10658.6946488362
10658.6946488362
10598.3463593971
10598.3463593971
10547.7551309903
10547.7551309903
10377.0716188824
10321.6465611087
10321.6465611087
10285.4063142775
10285.4063142775
10223.6789274981
10223.6789274981
10127.7890600739
10127.7890600739
10127.7890600739
10117.8941634433
10117.8941634433
10117.8941634433
10117.8941634433
10044.3737162734
9941.13490705496
9941.13490705496
9941.13490705496
9941.13490705496
9785.29839276220
9785.29839276220
9785.29839276220
9785.29839276220
9689.53571816148
9689.53571816148
9689.53571816148
9689.53571816148
9689.53571816148
9689.53571816148
9689.53571816148
9689.53571816148
9629.27719297742
9629.27719297742
9629.27719297742
9607.00699790454
9607.00699790454
9607.00699790454
9607.00699790454
9607.00699790454
9607.00699790454
9571.58150675980
9571.58150675980
9571.58150675980
9571.58150675980
9571.58150675980
9550.23834351276
9550.23834351276
9550.23834351276
9550.23834351276
9543.76799279785
9543.76799279785
9543.76799279785
9543.76799279785
9408.35703944004
9408.35703944004
9408.35703944004
9408.35703944004
9408.35703944004
9408.35703944004
9408.35703944004
9408.35703944004
9350.37656688375
9350.37656688375
9350.37656688375
9350.37656688375
9340.74434608052
9340.74434608052
9340.74434608052
9340.74434608052
9340.74434608052
9340.74434608052
9340.74434608052
9340.74434608052
9340.74434608052
9340.74434608052
9340.74434608052
9340.74434608052
9340.74434608052
9340.74434608052
9340.74434608052
9340.74434608052
9340.74434608052
9340.74434608052
9340.74434608052
9340.74434608052
9334.61243057037
9334.61243057037
9334.61243057037
9334.61243057037
9334.61243057037
9334.61243057037
9334.61243057037
9334.61243057037
9334.61243057037
9334.61243057037
9334.61243057037
9334.61243057037
9334.61243057037
9334.61243057037
9334.61243057037
9334.61243057037
9334.61243057037
9334.61243057037
9334.61243057037
9334.61243057037
9292.55909203942
9292.55909203942
9292.55909203942
9292.55909203942
9292.55909203942
9292.55909203942
9292.55909203942
9292.55909203942
9261.37155184779
9261.37155184779
9261.37155184779
9261.37155184779
9260.89249428169
9260.89249428169
9189.14799978294
9189.14799978294
9189.14799978294
9189.14799978294
9189.14799978294
9189.14799978294
9189.14799978294
9189.14799978294
9180.04528161403
9164.28425054817
9164.28425054817
9139.48832730690
9133.20165612752
9133.20165612752
9133.20165612752
9120.72108845504
9120.72108845504
9120.72108845504
9120.72108845504
9050.65534636542
9050.65534636542
9050.65534636542
9050.65534636542
9050.65534636542
9050.65534636542
9050.65534636542
9050.65534636542
9050.65534636542
9050.65534636542
9050.65534636542
9050.65534636542
9050.65534636542
9050.65534636542
9007.09218427228
9007.09218427228
8989.77975907335
8989.77975907335
8989.77975907335
8958.83457683152
8958.83457683152
8958.83457683152
8958.83457683152
8958.83457683152
8958.83457683152
8958.83457683152
8958.83457683152
8958.83457683152
8958.83457683152
8958.83457683152
8958.83457683152
8958.83457683152
8958.83457683152
8958.83457683152
8958.83457683152
8958.83457683152
8958.83457683152
8958.83457683152
8958.83457683152
8958.83457683152
8958.83457683152
8958.83457683152
8958.83457683152
8958.83457683152
8958.83457683152
8958.83457683152
8958.83457683152
8958.83457683152
8958.83457683152
8958.83457683152
8958.83457683152
8958.83457683152
8958.83457683152
8958.83457683152
8958.83457683152
8958.83457683152
8958.83457683152
8958.83457683152
8958.83457683152
8958.83457683152
8958.83457683152
8951.46964907058
8951.46964907058
8951.46964907058
8951.46964907058
8951.46964907058
8951.46964907058
8951.46964907058
8951.46964907058
8951.46964907058
8951.46964907058
8951.46964907058
8951.46964907058
8937.05025047341
8937.05025047341
8937.05025047341
8937.05025047341
8937.05025047341
8937.05025047341
8937.05025047341
8937.05025047341
8937.05025047341
8937.05025047341
8937.05025047341
8937.05025047341
8937.05025047341
8937.05025047341
8937.05025047341
8937.05025047341
8937.05025047341
8937.05025047341
8937.05025047341
8937.05025047341
8937.05025047341
8937.05025047341
8937.05025047341
8937.05025047341
8937.05025047341
8937.05025047341
8937.05025047341
8937.05025047341
8937.05025047341
8937.05025047341
8937.05025047341
8937.05025047341
8937.05025047341
8937.05025047341
8937.05025047341
8937.05025047341
8937.05025047341
8937.05025047341
8937.05025047341
8937.05025047341
8937.05025047341
8937.05025047341
8937.05025047341
8937.05025047341
8937.05025047341
8937.05025047341
8937.05025047341
8937.05025047341
8937.05025047341
8937.05025047341
8937.05025047341
8932.32121496585
8932.32121496585
8932.32121496585
8932.32121496585
8932.32121496585
8932.32121496585
8932.32121496585
8932.32121496585
8932.32121496585
8932.32121496585
8932.32121496585
8932.32121496585
8932.32121496585
8932.32121496585
8932.32121496585
8932.32121496585
8932.32121496585
8932.32121496585
8932.32121496585
8932.32121496585
8932.32121496585
8932.32121496585
8932.32121496585
8932.32121496585
8932.32121496585
8932.32121496585
8932.32121496585
8932.32121496585
8932.32121496585
8932.32121496585
8932.32121496585
8932.32121496585
8932.32121496585
8932.32121496585
8932.32121496585
8932.32121496585
8932.32121496585
8932.32121496585
8905.96765605276
8905.96765605276
8905.96765605276
8905.96765605276
8905.96765605276
8905.96765605276
8905.96765605276
8905.96765605276
8905.96765605276
8905.96765605276
8905.96765605276
8905.96765605276
8905.96765605276
8905.96765605276
8905.96765605276
8905.96765605276
8905.96765605276
8905.96765605276
8905.96765605276
8905.96765605276
8905.96765605276
8905.96765605276
8905.96765605276
8905.96765605276
8905.96765605276
8905.96765605276
8905.96765605276
8905.96765605276
8905.96765605276
8905.96765605276
8905.96765605276
8905.96765605276
8905.96765605276
8905.96765605276
8905.96765605276
8905.96765605276
8905.96765605276
8905.96765605276
8905.96765605276
8905.96765605276
8905.96765605276
8905.96765605276
8905.96765605276
8905.96765605276
8905.96765605276
8905.96765605276
8905.96765605276
8905.96765605276
8905.96765605276
8905.96765605276
8905.96765605276
8905.96765605276
8905.96765605276
8905.96765605276
8905.96765605276
8905.96765605276
8905.96765605276
8905.96765605276
8905.96765605276
8905.96765605276
8905.96765605276
8905.96765605276
8905.96765605276
8905.96765605276
8905.96765605276
8905.96765605276
8905.96765605276
8905.96765605276
8905.96765605276
8905.96765605276
8905.96765605276
8905.96765605276
8905.96765605276
8905.96765605276
8905.96765605276
8905.96765605276
8905.96765605276
8905.96765605276
8905.96765605276
8905.96765605276
8905.96765605276
8905.96765605276
8905.96765605276
8905.96765605276
8905.96765605276
8905.96765605276
8905.96765605276
8905.96765605276
8905.96765605276
8905.96765605276
8905.96765605276
8905.96765605276
8905.96765605276
8905.96765605276
8905.96765605276
8905.96765605276
8905.96765605276
8905.96765605276
8905.96765605276
8888.96979439234
8888.96979439234
8888.96979439234
8888.96979439234
8888.96979439234
8888.96979439234
8888.96979439234
8888.96979439234
8888.96979439234
8875.82965905298
8875.82965905298
8875.82965905298
8858.83179739256
8858.83179739256
8858.83179739256
8858.83179739256
8858.83179739256
8858.83179739256
8858.83179739256
8858.83179739256
8858.83179739256
8858.83179739256
8858.83179739256
8858.83179739256
8858.83179739256
8858.83179739256
8858.83179739256
8858.83179739256
8858.83179739256
8858.83179739256
8858.83179739256
8858.83179739256
8858.83179739256
8858.83179739256
8858.83179739256
8858.83179739256
8858.83179739256
8858.83179739256
8858.83179739256
8858.83179739256
8858.83179739256
8858.83179739256
8858.83179739256
8858.83179739256
8858.83179739256
8858.83179739256
8858.83179739256
8858.83179739256
8858.83179739256
8858.83179739256
8858.83179739256
8858.83179739256
8858.83179739256
8858.83179739256
8858.83179739256
8858.83179739256
8858.83179739256
8858.83179739256
8858.83179739256
8858.83179739256
8858.83179739256
8858.83179739256
8858.83179739256
8858.83179739256
8858.83179739256
8858.83179739256
8858.83179739256
8858.83179739256
8858.83179739256
8858.83179739256
8858.83179739256
8858.83179739256
8858.83179739256
8858.83179739256
8858.83179739256
8858.83179739256
8858.83179739256
8858.83179739256
8858.83179739256
8858.83179739256
8858.83179739256
8858.83179739256
8858.83179739256
8858.83179739256
8858.83179739256
8858.83179739256
8858.83179739256
8858.83179739256
8858.83179739256
8858.83179739256
8858.83179739256
8858.83179739256
8858.83179739256
8858.83179739256
8858.83179739256
8858.83179739256
8858.83179739256
8858.83179739256
8858.83179739256
8858.83179739256
8858.83179739256
8858.83179739256
8858.83179739256
8858.83179739256
8858.83179739256
8858.83179739256
8858.83179739256
8858.83179739256
8858.83179739256
8858.83179739256
8858.83179739256
8858.83179739256
8858.83179739256
8858.83179739256
8858.83179739256
8858.83179739256
8858.83179739256
8858.83179739256
8858.83179739256
8858.83179739256
8858.83179739256
8858.83179739256
8858.83179739256
8858.83179739256
8858.83179739256
8858.83179739256
8858.83179739256
8858.83179739256
8858.83179739256
8858.83179739256
8858.83179739256
8858.83179739256
8858.83179739256
8858.83179739256
8858.83179739256
8858.83179739256
8858.83179739256
8858.83179739256
8858.83179739256
8858.83179739256
8858.83179739256
8858.83179739256
8858.83179739256
8858.83179739256
8858.83179739256
8858.83179739256
8858.83179739256
8858.83179739256
8858.83179739256
8858.83179739256
8858.83179739256
8858.83179739256
8858.83179739256
8858.83179739256
8858.83179739256
8858.83179739256
8858.83179739256
8858.83179739256
8858.83179739256
8858.83179739256
8858.83179739256
8858.83179739256
8858.83179739256
8858.83179739256
8858.83179739256
8858.83179739256
8858.83179739256
8858.83179739256
8858.83179739256
8858.83179739256
8858.83179739256
8858.83179739256
8858.83179739256
8858.83179739256
8858.83179739256
8858.83179739256
8858.83179739256
8858.83179739256
8858.83179739256
8858.83179739256
8858.83179739256
8858.83179739256
8858.83179739256
8858.83179739256
8858.83179739256
8858.83179739256
8858.83179739256
8858.83179739256
8858.83179739256
8858.83179739256
8858.83179739256
8858.83179739256
8858.83179739256
8858.83179739256
8858.83179739256
8858.83179739256
8858.83179739256
8858.83179739256
8858.83179739256
8858.83179739256
8858.83179739256
8858.83179739256
8858.83179739256
8858.83179739256
8858.83179739256
8858.83179739256
8858.83179739256
8858.83179739256
8858.83179739256
8858.83179739256
8858.83179739256
8858.83179739256
8858.83179739256
8858.83179739256
8858.83179739256
8858.83179739256
8858.83179739256
8858.83179739256
8858.83179739256
8858.83179739256
8858.83179739256
8858.83179739256
8858.83179739256
8858.83179739256
8858.83179739256
8858.83179739256
8858.83179739256
8858.83179739256
8858.83179739256
8858.83179739256
8858.83179739256
8858.83179739256
8858.83179739256
8858.83179739256
8858.83179739256
8858.83179739256
8858.83179739256
8858.83179739256
8858.83179739256
8858.83179739256
8858.83179739256
8858.83179739256
8858.83179739256
8858.83179739256
8858.83179739256
8858.83179739256
8858.83179739256
8858.83179739256
8858.83179739256
8858.83179739256
8858.83179739256
8858.83179739256
8858.83179739256
8858.83179739256
8858.83179739256
8858.83179739256
8858.83179739256
8858.83179739256
8858.83179739256
8858.83179739256
8858.83179739256
8858.83179739256
8858.83179739256
8858.83179739256
8858.83179739256
8858.83179739256
8858.83179739256
8858.83179739256
8858.83179739256
8858.83179739256
8858.83179739256
8858.83179739256
8858.83179739256
8858.83179739256
8858.83179739256
8858.83179739256
8858.83179739256
8858.83179739256
8858.83179739256
8858.83179739256
8858.83179739256
8858.83179739256
8858.83179739256
8858.83179739256
8858.83179739256
8858.83179739256
8858.83179739256
8858.83179739256
8858.83179739256
8858.83179739256
8858.83179739256
8858.83179739256
8858.83179739256
8858.83179739256
8858.83179739256
8858.83179739256
8858.83179739256
8858.83179739256
8858.83179739256
8858.83179739256
8858.83179739256
8858.83179739256
8858.83179739256
8858.83179739256
8858.83179739256
8858.83179739256
8858.83179739256
8858.83179739256
8858.83179739256
8858.83179739256
8858.83179739256
8858.83179739256
8858.83179739256
8858.83179739256
8858.83179739256
8858.83179739256
8858.83179739256
8858.83179739256
8858.83179739256
8858.83179739256
8858.83179739256
8858.83179739256
8858.83179739256
8858.83179739256
8858.83179739256
8858.83179739256
8858.83179739256
8858.83179739256
8858.83179739256
8858.83179739256
8858.83179739256
8858.83179739256
8858.83179739256
8858.83179739256
8858.83179739256
8858.83179739256
8858.83179739256
8858.83179739256
8858.83179739256
8858.83179739256
8858.83179739256
8858.83179739256
8858.83179739256
8858.83179739256
8858.83179739256
8858.83179739256
8858.83179739256
8858.83179739256
8858.83179739256
8858.83179739256
8858.83179739256
8858.83179739256
8858.83179739256
8858.83179739256
8858.83179739256
8858.83179739256
8858.83179739256
8858.83179739256
8858.83179739256
8858.83179739256
8858.83179739256
8858.83179739256
8858.83179739256
8858.83179739256
8858.83179739256
8858.83179739256
8858.83179739256
8858.83179739256
8858.83179739256
8858.83179739256
8858.83179739256
8858.83179739256
8858.83179739256
8858.83179739256
8858.83179739256
8858.83179739256
8858.83179739256
8858.83179739256
8858.83179739256
8858.83179739256
8858.83179739256
8858.83179739256
8858.83179739256
8858.83179739256
8858.83179739256
8858.83179739256
8858.83179739256
8858.83179739256
8858.83179739256
8858.83179739256
8858.83179739256
8858.83179739256
8858.83179739256
8858.83179739256
8858.83179739256
8858.83179739256
8858.83179739256
8858.83179739256
8858.83179739256
8858.83179739256
8858.83179739256
8858.83179739256
8858.83179739256
8858.83179739256
8858.83179739256
8858.83179739256
8858.83179739256
8858.83179739256
8858.83179739256
8858.83179739256
8858.83179739256
8858.83179739256
8858.83179739256
8858.83179739256
8858.83179739256
8858.83179739256
8858.83179739256
8858.83179739256
8858.83179739256
8858.83179739256
8858.83179739256
8858.83179739256
8858.83179739256
8858.83179739256
8858.83179739256
8858.83179739256
8858.83179739256
8858.83179739256